    ID     A     R     N     D     C     Q     E     G     H     I     L     K     M     F     P     S     T     W     Y     V
6ONBB    4.2   5.1   5.1   6.8   1.7   4.2   5.1   5.9   6.8   5.1   8.5   5.1   1.7   3.4   6.8   8.5   5.1   0.8   1.7   8.5
6ONAA    5.2   4.1   8.9   3.7   2.2   2.8   7.6   8.4   3.3   5.6   7.8   6.5   1.3   3.7   4.1   7.6   5.2   2.0   4.6   5.2
6ONDA   14.3   7.5   3.1   5.7   2.8   2.4   4.4   8.6   3.1   6.1   8.3   2.7   3.5   1.7   4.9   5.0   5.8   0.9   1.1   8.0
6OMTA    8.6   4.3   4.3   3.4   1.7   6.5   6.9   7.8   2.6   6.5   7.8   4.7   4.7   1.7   7.8   3.9   6.9   1.7   1.7   6.5
6ON5A    2.3   5.3   5.3  10.5   3.8   4.5   8.3   6.8   1.5   3.0   5.3  11.3   1.5   4.5   0.0   2.3   9.0   3.0   3.0   9.0
6ON7A    2.3   5.3   5.3  10.5   3.8   4.5   8.3   6.8   0.8   3.0   5.3  11.3   1.5   5.3   0.0   2.3   9.0   3.0   3.0   9.0
6OMXA   10.7   6.0   6.7   8.7   0.7   6.0   4.0   7.4   5.4   2.0  14.1   3.4   2.7   2.7   2.0   8.7   4.0   0.0   2.0   2.7
6OMZA   15.7   5.8   1.4   6.8   0.0   2.4   4.4  10.2   5.5   4.4   7.5   1.7   2.4   1.4   6.1   3.8   6.1   1.7   0.3  12.3
6P0OB    8.6   5.9   4.8   7.5   0.5   3.8  10.2   5.4   3.8   3.8   7.0   7.0   2.7   5.4   1.6   5.4   3.8   0.5   3.2   9.1
6OONA    6.0   6.3   2.9   4.6   2.3   7.0   4.5   6.8   3.4   4.9   7.6   5.8   2.9   3.5   6.6   5.3   5.9   0.8   3.9   8.9
6OP2A    5.5   5.2   3.1   6.3   1.9   2.3   8.0   9.2   2.3   7.5   5.9   7.8   3.4   4.0   4.2   6.3   4.0   1.9   4.4   6.9
6OP2B    5.6   4.0   4.0   6.9   1.5   3.6   6.3   7.5   3.1   4.4   8.6   7.5   3.8   5.7   5.0   4.8   6.1   1.7   3.3   6.5
6P0QA    6.4   2.1   6.4   7.4   0.0   4.3  11.7   1.1   3.2   7.4   8.5   8.5   4.3   7.4   3.2   5.3   2.1   0.0   4.3   6.4
6P12B    9.6   7.0   2.2   6.1   0.6   4.5   7.7   6.7   1.0   5.1  12.8   4.8   1.0   2.9   4.8   8.6   5.1   0.6   1.6   7.3
6P11B    9.9   7.0   2.2   6.1   0.6   4.5   7.6   6.7   1.0   5.1  12.7   5.1   1.0   2.9   4.8   8.6   4.8   0.6   1.6   7.3
6OOSA    3.0   4.0   4.0   4.0   2.0   5.1   4.0  13.1   1.0  13.1  11.1   7.1   3.0   2.0   6.1   0.0   8.1   2.0   1.0   6.1
6OORA    6.0   4.2   2.8   4.9   1.4   7.7   5.3   6.7   4.9   2.5   8.8   4.6   2.8   3.9   4.6   9.8   4.9   4.6   2.8   7.0
6OORH    7.3   4.7   2.6   4.3   2.1   3.0   2.6   7.7   3.4   0.9   7.7   3.0   1.3   3.4   6.0  12.0  10.7   2.6   5.1   9.8
6OORL    5.5   4.6   2.3   5.5   2.3   5.0   5.0   5.9   2.3   4.6   7.8   5.0   1.4   3.2   4.6  12.8   9.6   1.4   5.0   6.4
6P0RA    5.4   6.0   6.7   6.0   4.7   4.0   5.7   6.7   1.3   6.4   5.7   7.0   1.3   5.0   5.0   5.7   5.7   0.7   4.7   6.4
6OOUA    3.0   4.0   4.0   4.0   2.0   5.1   4.0  13.1   1.0  13.1  11.1   7.1   2.0   2.0   6.1   0.0   8.1   2.0   1.0   7.1
6OP6A   10.3   4.9   2.9   5.8   0.4   2.5   6.6   9.9   3.7   4.9   8.6   1.6   0.4   2.1   5.3   8.2   6.2   1.2   3.7  10.7
6P16A   14.0   0.8   3.3   7.4   0.0   0.8   7.4   8.3   4.1   4.1  10.7   9.9   0.8   3.3   6.6   1.7   2.5   1.7   2.5   9.9
6OOTA    3.0   4.0   4.0   4.0   2.0   5.1   4.0  13.1   1.0  13.1  10.1   7.1   3.0   2.0   6.1   0.0   8.1   2.0   1.0   7.1
6OOGA    9.9   3.6   4.3   6.7   2.4   2.4   5.5   9.9   2.8   8.3   5.1   8.3   1.6   3.2   4.0   4.7   5.1   2.0   2.4   7.9
6OOIA    9.0   5.1   4.7   4.7   2.3   3.5   8.6   7.8   3.1   7.0   6.6   8.6   1.2   3.9   3.1   6.2   3.5   2.0   1.2   7.8
6OOMA   11.7   3.8   2.8   1.3   1.0   3.6   3.6   9.7   0.8   8.7  16.8   2.0   4.1   5.4   3.3   5.4   4.3   2.6   2.6   6.6
6P0AA    8.4   6.7   1.9   5.6   1.6   4.7   8.1   6.5   1.7   5.0  11.8   6.2   0.9   3.3   6.0   7.0   4.2   0.9   2.6   7.1
6P0BA    8.7   6.7   1.9   5.6   1.6   4.7   7.8   6.5   1.7   5.0  11.8   6.2   0.9   3.3   6.0   7.0   4.2   0.9   2.6   7.1
6OODA    5.5   3.0   3.0   4.5   0.0   2.5   6.5  10.1   5.0   4.5   7.0   5.0   6.0   7.5   5.0   6.5   8.0   0.0   3.5   6.5
6ONYA    5.6   3.2   5.6   4.8   1.6   7.9   4.8   3.2   3.2   5.6   7.9   8.7   6.3   4.0   5.6   2.4   5.6   2.4   4.8   7.1
6OQ1A    2.6   7.9   2.6   6.6   1.3   7.9   7.9   7.9   1.3   9.2  11.8   5.3   1.3   2.6   3.9   3.9   9.2   0.0   1.3   5.3
6OQ1C    2.6   6.6   2.6   6.6   0.0   7.9   7.9   7.9   1.3   9.2  11.8   7.9   1.3   2.6   3.9   3.9   9.2   0.0   1.3   5.3
6OQ1E    2.6   5.2   2.6   7.8   0.0   7.8   7.8   7.8   1.3   9.1  11.7   9.1   1.3   2.6   3.9   3.9   9.1   0.0   1.3   5.2
6P1PA    7.9   7.6   0.8   3.7   2.0   8.5   7.6   7.6   4.2   1.7  12.4   3.4   1.1   5.1   5.6   6.2   5.4   1.4   1.4   6.2
6P20A    6.2   0.9   7.1   6.2   0.0   1.8   5.4  16.1   1.8   4.5   3.6   6.2   3.6   1.8   0.9   7.1  14.3   2.7   0.9   8.9
6P20D   11.4   3.4   3.4   2.3   6.8   3.4   0.0  15.9   3.4   6.8   3.4   3.4   5.7   2.3   8.0   6.8   4.5   0.0   1.1   8.0
6P23A    8.0   9.4   2.5   7.6   1.8   5.8   8.3   6.9   3.3   2.5   6.5   2.5   1.1   2.5   5.8   4.7   8.3   3.3   4.7   4.3
6P22A    5.2   0.0   8.2   7.2   0.0   3.1   5.2  15.5   0.0   7.2   4.1   7.2   2.1   0.0   0.0   8.2  12.4   3.1   1.0  10.3
6P22D    8.7   3.6   4.3   3.6   0.7   9.4   1.4  10.1   1.4   9.4   5.1   5.1   2.2   4.3   8.0   5.1   8.0   0.0   1.4   8.0
6OPTA    3.0   4.0   4.0   4.0   2.0   5.1   4.0  13.1   1.0  12.1  12.1   7.1   2.0   3.0   6.1   0.0   8.1   2.0   1.0   6.1
6OPVA    3.0   4.0   4.0   4.0   2.0   5.1   5.1  12.1   1.0  14.1  11.1   6.1   1.0   4.0   6.1   0.0   8.1   2.0   1.0   6.1
6OQ7A    5.3   2.6   8.9   6.4   0.2   3.5   9.7   3.6   2.2   8.9   8.7   8.4   1.6   5.1   2.4   7.1   4.7   0.9   4.9   4.9
6OQ7C    4.4   4.4   4.4   2.9   1.5   6.6   5.1  10.2   0.0   3.6   6.6   5.8   1.5   2.2   8.0  13.1   7.3   1.5   2.9   8.0
6OPUA    3.0   4.0   4.0   4.0   2.0   5.1   4.0  13.1   1.0  14.1  12.1   6.1   1.0   3.0   6.1   0.0   8.1   2.0   1.0   6.1
6OPHA    5.4   5.4   5.4   6.8   2.0   3.4   5.9   4.8   3.7   7.9  12.1   6.5   2.3   3.7   5.6   4.8   4.0   0.8   5.4   4.2
6P1GA   14.3   5.3   1.5   6.0   0.0   1.5   8.3   5.3   5.3   5.3   7.5   3.8   5.3   2.3   6.8   5.3   3.0   1.5   2.3   9.8
6OPLA    9.8   5.9   1.0   7.3   1.0   3.4   2.4   8.3   4.4   3.4   8.8   4.4   2.9   1.5   5.9   5.4   8.8   0.5   2.9  12.2
6P1BA    6.8   8.6   3.1   4.3   1.9   1.9   6.2   6.8   3.1   6.2   8.6   7.4   4.9   2.5   3.1   8.6   1.9   2.5   4.3   7.4
6OPFA   11.2   3.1   4.1   8.2   0.0   6.1   9.2   2.0   3.1   5.1  13.3   8.2   1.0   4.1   1.0   7.1   4.1   2.0   0.0   7.1
6P1FA   14.5   5.3   1.5   6.1   0.0   1.5   8.4   5.3   5.3   5.3   7.6   3.8   4.6   2.3   6.9   4.6   3.1   1.5   2.3   9.9
6P1EA   13.8   0.8   3.3   7.3   0.0   0.8   7.3   8.1   4.1   4.1  10.6   9.8   1.6   3.3   6.5   2.4   2.4   1.6   2.4   9.8
6OOWA   11.2   7.4   2.8   6.6   1.5   2.8   5.9   7.9   2.0   3.6  10.4   3.3   1.3   4.8   7.9   4.8   5.3   0.8   2.3   7.4
6OP8A    5.3   5.9   3.5   7.1   2.9   1.2   8.8   7.1   1.2   3.5   9.4   5.3   4.1   4.1   8.8   7.1   4.7   1.8   3.5   4.7
6OP8B    2.9  11.8   5.9   2.9   0.0   1.5  13.2   5.9   1.5   4.4   5.9  14.7   4.4   1.5   1.5  19.1   1.5   0.0   0.0   1.5
6P0WA    5.7   7.1   4.2   9.9   0.5   2.8   6.1   4.2   2.4   7.1   9.9   5.7   0.5   4.2   6.6   5.7   6.1   1.9   1.9   7.5
6P0XA    9.9   5.1   4.5   6.3   1.2   4.2   5.1   8.4   2.7   2.1  11.1   0.6   0.9   4.2   6.3   8.4   6.0   2.1   5.4   5.4
6P0ZA    5.4   6.0   2.4   8.9   1.8   5.4   7.7   6.5   2.4   6.5   6.5   7.1   1.8   3.6   2.4   4.8   7.1   0.0   4.8   8.9
6OQQA    4.7   4.7   3.3   6.0   0.3   5.0   7.6   4.4   2.9   4.7  10.9   8.2   1.6   4.9   4.4   8.5   7.7   0.7   4.2   5.4
6OQQB    8.2   2.0   6.1   8.2   0.0   4.1  12.2   5.4   1.4   5.4  12.2   5.4   3.4   5.4   0.7  12.2   2.7   0.0   0.0   4.8
6OR1A    6.9   3.7   4.9   4.1   2.0   9.0   7.8   3.3   2.9   5.3  15.1   5.7   3.3   4.5   2.4   6.1   2.4   0.8   3.7   6.1
6OR4A    7.3   4.4   3.1   6.9   0.4   4.4   8.0   8.4   2.9   4.4  10.9   5.3   0.9   4.4   5.3   5.3   4.7   2.4   4.4   6.0
6OR3A    8.2   5.8   6.5   6.5   2.1   2.1   4.1   9.6   2.1   5.8   7.9   2.4   0.3   5.8   4.5   7.2   6.9   1.7   3.4   6.9
6P2UA   10.9   4.7   4.4   6.5   0.8   4.7   5.7   9.1   1.0   5.5   7.0   7.3   2.9   3.1   3.6   4.9   6.5   0.3   2.1   9.1
6P35A    8.7   7.1   2.6   5.4   1.0   5.8   6.1   6.4   2.9   4.8  10.9   3.5   1.9   3.5   6.7   5.8   3.8   3.2   2.6   7.4
6P2IA    5.4   3.5   6.7   5.4   1.3   3.5   7.3   4.1   2.9  12.1   9.2   7.3   2.2   2.2   3.5   6.1   5.4   1.0   5.1   5.7
6P2KA    8.2   3.6   8.6   5.8   0.0   4.5   3.0  11.7   1.7   3.3   4.7   3.5   2.1   3.3   4.2   7.8   6.9   4.2   5.1   7.7
6P2MA    8.2   3.7   6.2   5.6   0.9   2.0   1.9  12.4   1.1   6.5   4.9   3.4   2.0   2.6   5.2   9.9   8.3   4.0   4.9   6.3
6P2LA    8.5   2.9   8.3   4.7   1.0   2.4   1.7  13.3   1.0   5.0   4.9   2.7   1.0   3.7   3.3   9.2  11.2   3.0   4.0   8.0
6P2OA    8.8   5.0   4.3   7.2   0.0   1.9   2.2  13.6   0.8   2.8   5.2   3.4   1.4   3.3   5.4   9.1  10.6   4.0   4.4   6.7
6P2NA    8.8   2.9   6.6   6.3   0.0   2.3   2.4  13.0   0.9   4.5   4.8   3.3   2.5   2.9   5.3   8.8   8.8   3.9   4.4   7.4
6OQAA    4.6   5.6   0.9   5.6   0.9   4.6   6.5  12.0   2.8   4.6   6.5   7.4   3.7   4.6   6.5   4.6   6.5   0.9   2.8   8.3
6OQAC   10.2  11.2   0.0   4.1   0.0  11.2  16.3   1.0   1.0   1.0  18.4   4.1   2.0   1.0   2.0   9.2   3.1   1.0   0.0   3.1
6P2AA    4.7   1.4   8.8   5.4   0.0   4.1   4.7  19.6   2.0   4.7   3.4   4.7   1.4   1.4   0.7   7.4  10.8   2.7   2.0  10.1
6OPXA    3.0   4.0   4.0   4.0   2.0   5.1   5.1  12.1   1.0  14.1  10.1   6.1   1.0   4.0   6.1   0.0   8.1   2.0   1.0   7.1
6P29A    2.1   3.6   5.7   7.9   1.4   5.7   9.3   5.0   5.0   5.7  10.0   2.9   2.9   8.6   2.9   6.4   5.0   0.7   2.9   6.4
6OPWA    2.0   4.0   4.0   4.0   2.0   5.1   5.1  12.1   1.0  14.1  11.1   6.1   1.0   4.0   6.1   0.0   8.1   2.0   1.0   7.1
6OQ8A    5.3   3.3   9.4   6.6   0.2   2.9  10.3   3.3   0.7   7.7   8.5   7.9   2.9   5.3   2.0   7.9   4.4   0.9   5.2   5.0
6OQ8C    6.3   4.9   2.8   2.8   1.4   4.9   4.9   9.9   0.7   0.7   5.6   5.6   2.8   2.1   7.7  13.4   8.5   2.1   4.2   8.5
6P28A    3.1   5.1   7.7   5.6   1.5   5.6   7.7   8.2   3.6   4.1   6.6   5.6   1.5   2.6   4.6   7.1   6.6   3.6   3.6   6.1
6OPZA    2.0   4.0   4.0   4.0   2.0   5.1   5.1  12.1   1.0  13.1  11.1   6.1   1.0   4.0   6.1   0.0   8.1   2.0   1.0   8.1
6P1ZA    4.2   1.0   7.3   8.3   0.0   2.1   5.2  16.7   0.0   8.3   3.1   5.2   2.1   0.0   0.0   9.4  12.5   3.1   1.0  10.4
6OPYA    2.0   4.0   4.0   4.0   2.0   5.1   5.1  12.1   1.0  14.1  10.1   6.1   1.0   4.0   6.1   0.0   8.1   2.0   1.0   8.1
6OS3A   14.1   8.3   1.3   6.4   0.8   2.4   4.8   7.7   4.3   1.3   9.9   1.3   2.4   3.5   7.2   4.5   6.7   1.9   3.5   7.7
6P43A    5.8   3.4   6.8   8.2   0.3   3.1   6.8   8.5   2.0   3.4   8.5   7.8   1.7   6.1   5.4   5.1   5.1   2.4   4.8   4.8
6P43B    6.5   2.8   6.5   3.7   1.9   1.9   6.5  11.1   3.7   3.7   7.4  15.7   1.9   3.7   3.7   4.6   7.4   0.9   3.7   2.8
6ORTA    9.1  11.2   1.0   7.3   2.1   3.5   7.7   7.7   6.3   0.7   9.4   0.7   0.7   2.4   5.6   6.3   3.8   2.1   3.1   9.1
6OS4A    7.4   4.1   4.1  11.5   0.0   4.1  14.2   7.4   0.7   5.4   6.1   5.4   6.1   5.4   1.4   2.7   8.1   0.0   1.4   4.7
6P44A    8.1   5.7   5.7   6.5   0.0   4.1   7.3   8.9   2.4   6.5   4.9   3.3   4.1   3.3   3.3   4.9   8.1   1.6   4.1   7.3
6OS7A   12.3   4.2   5.5   4.0   1.5   3.8   7.0   7.2   4.2   4.7  11.0   5.1   3.8   2.3   4.0   5.9   5.3   1.1   0.8   6.1
6P3XA    5.4   6.2   5.7   5.4   3.1   5.7   3.9   6.5   3.6   3.4   8.5   5.7   2.6   6.2   6.5   4.4   4.9   3.6   4.1   4.4
6ORJA    6.5   4.8   6.5   6.8   0.7   2.4   5.8   7.5   1.4   5.1   6.8   5.1   3.4   4.4   3.8   8.2  10.2   1.0   3.4   6.1
6P3JA   12.9   5.5   2.7   7.4   1.9   1.4   4.4  10.4   2.7   4.4   7.4   2.7   3.8   2.5   6.3   5.2   5.5   0.3   1.1  11.5
6ORIA    6.8   3.6   8.0   8.3   0.0   4.4   6.6   7.5   1.5   6.8   7.1   7.1   1.5   4.4   2.9   5.6   6.3   1.0   5.4   5.4
6P3LA    8.1   5.7   4.9   7.3   0.0   4.1   7.3   8.9   2.4   6.5   4.9   3.3   4.1   3.3   3.3   4.9   8.1   1.6   4.1   7.3
6P3KA   12.9   5.5   2.7   7.4   1.6   1.4   4.4  10.4   2.7   4.4   7.4   2.7   3.8   2.5   6.3   5.5   5.5   0.3   1.1  11.5
6P3NA    5.5   2.1   3.4   5.7   1.8   4.7   8.4   7.6   5.0   7.0   8.6   8.9   4.4   4.2   1.0   6.3   5.7   1.8   3.4   4.4
6ORMA    6.4   3.5   7.9   5.0   1.5   5.0   2.0   8.9   1.0   5.4  11.4   2.5   2.0   5.9   8.4   6.4   6.9   0.5   3.0   6.4
6P3PA    5.1   8.9   2.5   7.0   0.6   3.8   7.6   8.3   2.5   5.7   8.9   6.4   1.9   4.5   1.3   7.0   6.4   1.9   1.3   8.3
6P40A    5.8   6.3   5.6   5.6   3.2   5.6   4.0   6.3   3.4   3.2   8.5   5.3   2.6   5.8   6.1   5.0   5.0   3.7   4.5   4.5
6P3BL    6.5   2.3   2.8   3.7   2.3   5.6   3.7   8.8   0.9   2.3   6.9   5.6   0.0   2.3   6.0  15.7  10.2   1.9   5.1   7.4
6P3BH    4.4   3.1   2.6   4.4   2.2   3.1   2.2   7.9   0.9   2.2   8.3   5.7   1.3   2.6   5.7  14.4  11.8   2.6   4.4  10.5
6ORAA   11.0   5.3   3.3   6.0   1.7   2.0   8.7   2.7   2.3   7.3   7.3  10.3   4.0   2.7   4.7   3.0   3.7   0.7   3.7   9.7
6P3CA   12.3   4.4   5.5   4.0   1.5   3.8   7.0   7.2   4.2   4.7  11.0   5.1   3.8   2.3   4.2   5.9   5.1   1.1   0.8   6.1
6ORFA    7.3   4.4   3.1   6.9   0.4   4.4   8.0   8.6   2.9   4.4  10.8   5.3   0.9   4.4   5.3   5.3   4.6   2.4   4.4   6.0
6P3HA   12.9   5.5   2.7   7.4   1.9   1.4   4.4  10.4   2.7   4.4   7.4   2.5   4.1   2.5   6.3   5.2   5.5   0.3   1.1  11.5
6ORGA    7.3   4.4   2.9   7.1   0.4   4.2   8.2   8.6   2.9   4.4  10.8   5.3   0.9   4.4   5.3   5.3   4.6   2.4   4.4   6.0
6OR9A    6.6   4.7   4.1   5.2   1.4   4.4   3.6   7.7   2.5   7.1  10.2   5.8   2.7   2.2   3.6   9.3   5.5   1.1   2.5   9.9
6OQZA   12.2   9.1   2.6   9.6   0.3   2.8   7.3   9.3   2.6   2.8  10.1   2.8   1.8   6.0   4.9   2.8   4.1   1.6   2.3   4.9
6OSSA    7.0   5.6   7.8   4.8   1.9   4.1   5.2  11.9   4.4  13.0   4.8   3.7   1.5   2.6   2.2   5.2   4.4   0.0   2.6   7.4
6OT4A   16.0   1.9   5.7   8.5   3.8   6.6   6.6   1.9   2.8   2.8   8.5  10.4   2.8   1.9   3.8   3.8   6.6   1.9   0.9   2.8
6P4SA    7.6   1.4   4.8   2.8   2.8   4.1   3.4   4.8   5.5   6.2   6.9   4.8   1.4   4.8   4.1  11.0   6.2   2.1   6.9   8.3
6P54A   10.6   6.1   3.6   4.0   0.0   3.0   4.9  11.2   2.1   4.9   8.5   5.5   2.1   3.6   5.8   5.2   7.3   0.6   3.3   7.6
6P4RA    7.6   1.4   4.1   2.8   2.8   4.1   3.4   4.8   5.5   5.5   6.9   5.5   1.4   4.8   4.1  11.0   6.9   2.1   6.9   8.3
6OSUA   10.8   3.0   8.0   6.8   0.7   3.3   3.3   7.0   0.7   6.1   6.8   7.5   2.6   2.6   4.2   7.0   7.3   1.2   4.4   6.8
6OT6A    6.7   5.3   5.6   6.4   2.0   3.4   5.9   4.5   3.6   7.8  12.3   6.4   2.5   3.6   5.6   4.5   3.9   0.8   5.3   3.9
6P56A   10.9   6.1   3.6   4.0   0.0   3.0   4.9  11.2   2.1   4.9   8.5   5.5   2.1   3.6   5.8   5.2   7.0   0.6   3.3   7.6
6OT8A   17.0   1.9   5.7   6.6   2.8   6.6   9.4   1.9   3.8   2.8   8.5  10.4   2.8   1.9   3.8   4.7   4.7   1.9   0.9   1.9
6OSVH    7.9   5.6   4.8   3.2   1.6   4.0   2.4  15.9   0.0   2.4   7.9   2.4   1.6   2.4   1.6  13.5   6.3   4.0   5.6   7.1
6OSVK    3.1   4.1   4.1   3.1   6.1   6.1   3.1  12.2  14.3   0.0   4.1   2.0   5.1   2.0   7.1  10.2   5.1   2.0   3.1   3.1
6OSVL    8.1   2.7   0.0   4.5   1.8   6.3   2.7   9.9   0.0   4.5   9.0   5.4   0.9   2.7   5.4  16.2   9.0   0.9   7.2   2.7
6OT7A   16.0   1.9   5.7   7.5   3.8   6.6   6.6   1.9   4.7   2.8   8.5  10.4   2.8   1.9   3.8   3.8   6.6   1.9   0.9   1.9
6P4YH    6.7   1.8   2.7   4.0   2.2   4.9   2.7   6.7   1.3   1.3   6.7   5.3   2.2   1.8   6.7  15.1   9.8   2.7   6.2   9.3
6P4YL    4.7   3.8   5.2   5.6   2.3   4.2   3.8   6.6   1.9   5.6   7.5   6.6   0.9   3.3   5.2  13.6   8.9   1.4   5.2   3.8
6OSXA    7.7   3.6   6.0   4.8   0.0  10.7   4.2   7.7   1.8   3.0  11.9   3.0   1.2   1.2   4.2   7.1   4.8   3.0   4.2  10.1
6OT9A   16.0   1.9   5.7   8.5   2.8   6.6   6.6   2.8   2.8   2.8   8.5  10.4   2.8   1.9   3.8   3.8   6.6   1.9   0.9   2.8
6P4MA    7.6   1.4   4.8   2.8   2.8   4.1   3.4   4.8   5.5   5.5   6.9   4.8   1.4   4.8   4.1  11.0   6.9   2.1   6.9   8.3
6OSNA    3.1   4.1   4.1   3.1   6.1   6.1   3.1  12.2  14.3   0.0   5.1   2.0   5.1   2.0   7.1   9.2   5.1   2.0   3.1   3.1
6OSPA    4.8   3.8   5.6   7.4   1.0   2.8   7.9   5.3   5.6   6.1   8.1   7.9   2.8   4.6   4.8   6.6   3.8   0.3   4.3   6.6
6P4CH    4.5   2.2   4.0   4.9   2.2   3.6   1.8   6.3   4.0   2.2   6.7   4.0   0.9   2.2   6.7  14.8  11.7   2.7   5.4   9.0
6P4CL    3.7   3.3   6.1   4.7   2.3   4.7   4.7   6.5   1.9   5.1   6.1   5.1   0.9   4.2   4.7  16.8   8.9   1.9   3.7   4.7
6P4BC    9.3   7.0  10.9   5.4   4.7   3.1   2.3   9.3   0.8   4.7   6.2   4.7   1.6   2.3   1.6   9.3   5.4   4.7   2.3   4.7
6P4DA    9.3   7.8  10.9   4.7   6.2   3.1   2.3   9.3   0.8   4.7   6.2   4.7   1.6   2.3   1.6   7.8   5.4   4.7   2.3   4.7
6OSHH    7.0   3.5   5.3   2.6   1.8   1.8   3.5   8.8   0.0   3.5   7.9   3.5   1.8   2.6   2.6  11.4  17.5   4.4   4.4   6.1
6OSHK    3.1   4.2   4.2   3.1   6.2   6.2   3.1  12.5  13.5   0.0   5.2   2.1   4.2   2.1   7.3   9.4   5.2   2.1   3.1   3.1
6OSHL    8.0   3.5   0.0   4.4   1.8   7.1   2.7  12.4   0.0   5.3   7.1   5.3   0.9   1.8   4.4  13.3  10.6   0.9   7.1   3.5
6P4AC    9.3   7.0  10.9   5.4   6.2   3.1   2.3   9.3   0.8   4.7   6.2   4.7   1.6   2.3   1.6   7.8   5.4   4.7   2.3   4.7
6P4AH    4.5   2.2   3.6   4.9   2.2   3.6   1.8   6.3   3.6   2.2   7.2   4.0   0.9   1.3   6.7  15.2  11.7   2.7   6.3   9.0
6P5TA   18.4   0.7   5.7   4.9   0.0   1.5   1.0  13.5   0.4   3.7   7.2   0.7   0.5   2.6   0.6   8.4  19.7   0.2   0.5   9.8
6OTSA    6.7   5.3   5.3   6.7   2.0   3.4   5.6   4.5   3.6   7.8  12.3   6.7   2.5   3.6   5.6   4.5   3.9   0.8   5.3   3.9
6P5SA    5.4   4.6   3.8   5.6   2.3   4.6   6.2   4.9   4.4   5.4  10.8   5.9   2.8   4.6   4.6   7.2   5.9   1.0   4.6   5.4
6OTVA   10.0   5.1   4.3   5.7   1.4   2.9   4.6   9.7   1.7   8.6   7.1   3.4   3.1   2.6   6.0   6.0   6.9   0.0   2.3   8.6
6OTUA    9.2   4.9   3.8   3.6   1.7   5.4   7.3   8.3   3.4   5.4  10.1   3.6   2.8   5.8   3.4   8.6   4.1   0.9   2.1   5.6
6P5UA   12.0   7.4   3.9   5.7   1.4   3.9   7.8   8.5   0.4   4.6   9.5   5.7   2.5   3.5   4.2   3.5   5.3   2.1   2.1   6.0
